RSA : 
generateKeyR(47 , 71, 79)
{'public': (79, 3337), 'private': (1019.0, 3337)}
Plaintext : Halo Cryptophers K1!  
Chipertext : 285 957 1795 2237 1379 1479 2560 2798 165 1031 2237 165 2893 1113 2560 732 1379 2213 789 1260 

Elgamal : 
generateKeyG(2357, 2, 1751)
{'publicKey': (2357, 2, 1185), 'privateKey': (2357, 1751)}
Plaintext : Sekarang kita belajar Algoritma Elgamal ^_^
Chipertext : 1866 1035 162 10 1832 1852 2218 1574 636 352 52 624 1508 483 523 1213 2196 316 2064 1976 689 1273 187 412 518 1583 1486 401 988 767 133 530 2149 534 1288 1480 2114 224 1578 1877 544 1117 2001 548 2172 484 878 1500 1713 1947 2005 1370 2328 1166 202 461 2170 1945 2074 2028 1394 819 969 2006 838 1796 1962 1989 1283 814 2010 1040 1467 505 421 2085 538 1821 2263 1671 2135 206 901 1622 42 1694

Paillier : 
generateKeyP(17, 19)
{'publicKey': (70421, 323), 'privateKey': (144.0, 64.0, 323)}
Plaintext : Akhirnya kita belajar Offline loh 0_0
Chipertext : 39022 54431 6323 100140 42209 65356 20495 28380 47363 54431 100140 14284 28380 47363 21656 41967 37991 28380 48843 28380 42209 47363 10919 30524 30524 37991 100140 65356 41967 47363 37991 65370 6323 47363 70177 70657 70177